The entropy values are presented as TS (kcal/mol)
ID	TS_Trans	E_Trans	TS_Rot
0	2.59094		1.26486	0
1	3.06273		1.26074	0
2	2.53717		1.2652	0
3	2.81815		1.26191	0
4	3.16556		1.26057	0
5	3.40356		1.25528	0
6	3.63647		1.25358	0
7	3.8691		1.25304	0
8	3.7321		1.25398	0
9	3.26333		1.25975	0
10	3.45288		1.25505	0
11	2.91366		1.25908	0
12	2.51052		1.26615	0
13	2.69161		1.26479	0
14	3.82011		1.25316	0
15	3.0474		1.25742	0
16	3.17192		1.25774	0
17	3.71933		1.25382	0
18	3.94707		1.25306	0
19	3.42773		1.25707	0
20	3.54316		1.25467	0
21	3.24798		1.25606	0
22	3.1896		1.25841	0
23	2.8509		1.26169	0
24	2.90868		1.26256	0
25	2.90706		1.26129	0
26	2.50461		1.26745	0
27	3.52782		1.25536	0
28	3.47684		1.25578	0
29	2.93783		1.25893	0
30	3.23693		1.25671	0
31	3.85729		1.25296	0
32	2.52126		1.26596	0
33	2.78261		1.26458	0
34	3.24888		1.25906	0
35	2.86045		1.26105	0
36	2.78078		1.26238	0
37	2.60139		1.26548	0
38	3.51566		1.25564	0
39	3.62856		1.25386	0
40	3.10446		1.25807	0
41	3.0998		1.25702	0
42	2.51042		1.26604	0
43	2.84951		1.26115	0
44	2.97885		1.26029	0
45	2.72888		1.26326	0
46	2.87577		1.26035	0
47	3.33401		1.25656	0
48	2.85892		1.26064	0
49	2.60939		1.26492	0
50	2.83958		1.26211	0
51	2.46691		1.26676	0
52	2.81029		1.26229	0
53	2.80288		1.26315	0
54	3.04467		1.25742	0
55	3.45664		1.25594	0
56	2.62299		1.26394	0
57	3.6479		1.25501	0
58	3.14647		1.25641	0
59	2.84391		1.25993	0
60	3.33256		1.25633	0
61	3.52079		1.25471	0
62	3.54318		1.25462	0
63	2.69042		1.26439	0
64	2.86709		1.26166	0
65	3.53086		1.2541	0
66	2.69356		1.26709	0
67	2.51668		1.26733	0
68	3.19591		1.25681	0
69	3.72519		1.25481	0
70	2.94935		1.25868	0
71	2.68589		1.26474	0
72	3.62875		1.2536	0
73	2.66958		1.2625	0
74	3.34355		1.25607	0
75	3.04		1.2587	0
76	3.03457		1.25982	0
77	2.90079		1.26002	0
78	2.79048		1.26702	0
79	2.66618		1.26375	0
80	2.97783		1.25863	0
81	2.80543		1.26105	0
82	2.91595		1.25899	0
83	3.22479		1.25609	0
84	2.9533		1.26012	0
85	3.08164		1.2601	0
86	2.98427		1.25908	0
87	2.82843		1.2645	0
88	3.60518		1.2548	0
89	3.39982		1.25498	0
90	2.52206		1.26805	0
91	2.93262		1.25955	0
92	3.71865		1.25469	0
93	2.9767		1.26069	0
94	3.94535		1.25262	0
95	4.06799		1.25242	0
96	3.55048		1.25463	0
97	2.95646		1.25994	0
98	2.53386		1.26743	0
99	3.4519		1.25723	0
100	2.49084		1.26669	0
101	3.29535		1.25636	0
102	2.9451		1.26403	0
103	3.1103		1.2586	0
104	2.2776		1.27314	0
105	2.87677		1.26348	0
106	3.23456		1.25593	0
107	2.90071		1.26289	0
108	3.36759		1.25668	0
109	4.16978		1.25219	0
110	3.23864		1.25825	0
111	2.63912		1.26486	0
112	3.21248		1.25923	0
113	3.14757		1.25745	0
114	2.91912		1.25959	0
115	3.90863		1.25357	0
116	3.16148		1.2572	0
117	2.34403		1.2703	0
118	2.8109		1.26021	0
119	3.26685		1.25607	0
120	3.39622		1.25528	0
121	3.15657		1.25699	0
122	3.81647		1.25362	0
123	2.71161		1.26168	0
124	2.29584		1.27243	0
125	3.07267		1.25732	0
126	2.58588		1.26627	0
127	3.67751		1.25393	0
128	3.42394		1.25584	0
129	3.13082		1.25797	0
130	2.45167		1.26866	0
131	2.83922		1.26047	0
132	3.19795		1.25856	0
133	3.98176		1.25274	0
134	3.29217		1.25601	0
135	2.31742		1.27064	0
136	2.42279		1.26859	0
137	2.70862		1.26346	0
138	3.57978		1.25429	0
139	2.96265		1.25827	0
140	2.70622		1.26538	0
141	3.56626		1.25409	0
142	3.10838		1.25762	0
143	2.90832		1.2601	0
144	2.66914		1.2638	0
145	2.752		1.26372	0
146	3.76327		1.25306	0
147	2.19687		1.27591	0
148	3.02684		1.25991	0
149	3.54913		1.25508	0
150	2.81043		1.26042	0
151	2.58424		1.26733	0
152	3.15215		1.25672	0
153	2.94701		1.25964	0
154	3.78523		1.25352	0
155	3.28935		1.25719	0
156	2.5858		1.26431	0
157	2.64343		1.26525	0
158	3.34066		1.25496	0
159	3.56418		1.2561	0
160	2.96187		1.25859	0
161	2.89716		1.26206	0
162	3.72895		1.25383	0
163	3.23825		1.25692	0
164	3.12895		1.26008	0
165	2.50303		1.26635	0
166	3.04367		1.25896	0
167	3.61973		1.25407	0
168	3.3475		1.25515	0
169	2.29268		1.27205	0
170	3.24133		1.25892	0
171	2.71941		1.2617	0
172	3.22995		1.25626	0
173	3.19566		1.25709	0
174	3.15102		1.25727	0
175	3.6309		1.25366	0
176	2.8597		1.2601	0
177	2.9285		1.25922	0
178	2.40915		1.27036	0
179	3.55336		1.2554	0
180	2.76283		1.26199	0
181	3.31051		1.25598	0
182	3.13188		1.25779	0
183	3.00987		1.25787	0
184	3.05134		1.25784	0
185	3.76403		1.25306	0
186	3.22058		1.2578	0
187	2.5629		1.2647	0
188	2.63517		1.26491	0
189	2.93209		1.25991	0
190	3.58158		1.25426	0
191	2.81594		1.2629	0
192	3.34024		1.25552	0
193	2.6806		1.26571	0
194	3.70486		1.25324	0
195	3.00469		1.26181	0
196	3.34433		1.25587	0
197	3.14773		1.26012	0
198	2.65388		1.26508	0
199	3.19198		1.25854	0
200	2.30319		1.27361	0
201	3.37905		1.25557	0
202	2.68842		1.26271	0
203	3.37261		1.25601	0
204	3.19741		1.25674	0
205	2.69253		1.26445	0
206	3.76178		1.2539	0
207	2.71258		1.26489	0
208	3.80016		1.2535	0
209	3.74876		1.25457	0
210	2.76889		1.26144	0
211	3.28157		1.25631	0
212	3.66017		1.25374	0
213	2.53276		1.26587	0
214	3.23447		1.25658	0
215	3.36356		1.25528	0
216	2.41199		1.26925	0
217	3.1949		1.25617	0
218	3.69131		1.25379	0
219	3.28763		1.2571	0
220	3.90929		1.25283	0
221	3.24954		1.25728	0
222	2.26341		1.2723	0
223	2.30665		1.27181	0
224	3.07799		1.26052	0
225	3.52587		1.25435	0
226	2.49459		1.26661	0
227	3.56348		1.25477	0
228	2.94783		1.25839	0
229	3.01695		1.2598	0
230	3.02541		1.25911	0
231	3.70128		1.25334	0
232	2.96361		1.2629	0
233	3.40648		1.25493	0
234	2.71827		1.263	0
235	3.05358		1.25848	0
236	3.77006		1.25363	0
237	3.45424		1.25603	0
238	2.52753		1.26775	0
239	3.66264		1.25348	0
240	3.72188		1.25341	0
241	2.38065		1.26945	0
242	2.68479		1.26401	0
243	2.34057		1.27021	0
244	3.65626		1.2538	0
245	2.25201		1.27321	0
246	3.38913		1.25618	0
247	2.37425		1.26986	0
248	3.58385		1.25407	0
249	2.45358		1.26845	0
250	3.58581		1.25427	0
251	3.32195		1.25633	0
252	3.12578		1.25804	0
253	3.39901		1.25521	0
254	3.41892		1.25459	0
255	2.78608		1.2641	0
256	2.97461		1.26234	0
257	2.93665		1.26009	0
258	3.22595		1.25619	0
259	3.09526		1.26006	0
260	3.32543		1.25795	0
261	3.00756		1.25947	0
262	2.74503		1.26229	0
263	2.52574		1.26682	0
264	3.39107		1.25545	0
265	2.98582		1.26249	0
266	2.96985		1.26142	0
267	2.88107		1.26047	0
268	3.23149		1.25595	0
269	3.61559		1.25379	0
270	3.84093		1.25323	0
271	2.93947		1.25936	0
272	3.86457		1.25286	0
273	3.11467		1.25791	0
274	2.23395		1.27421	0
275	2.56068		1.27125	0
276	4.07466		1.25264	0
277	2.99516		1.25832	0
278	2.47384		1.26841	0
279	3.10702		1.25743	0
280	2.69093		1.26569	0
281	3.59613		1.25421	0
282	2.68902		1.26237	0
283	2.39002		1.26986	0
284	2.83192		1.26033	0
285	4.11929		1.25229	0
286	3.36698		1.25683	0
287	2.88778		1.26177	0
288	3.61621		1.25512	0
289	3.25882		1.25675	0
290	2.95666		1.25877	0
291	2.93039		1.26205	0
292	3.34456		1.25519	0
293	3.08418		1.25985	0
294	3.55942		1.25394	0
295	4.12734		1.25226	0
296	2.99241		1.25915	0
297	2.39637		1.26856	0
298	2.76234		1.26218	0
299	2.39965		1.2692	0
300	3.31414		1.25629	0
301	3.82337		1.25325	0
302	2.89771		1.26281	0
303	3.84405		1.25293	0
304	2.64868		1.26465	0
305	2.72151		1.2633	0
306	3.37714		1.25639	0
307	3.17492		1.25699	0
308	3.65353		1.25369	0
309	2.69819		1.26521	0
310	3.1533		1.26003	0
311	3.27322		1.25534	0
312	3.35381		1.25644	0
313	3.09675		1.25749	0
314	3.41464		1.2553	0
315	3.51399		1.25459	0
316	3.41007		1.25513	0
317	2.47212		1.26746	0
318	3.36818		1.25555	0
319	3.20522		1.25686	0
320	2.98662		1.26033	0
321	3.31372		1.25571	0
322	3.20593		1.25638	0
323	3.04525		1.25737	0
324	3.81695		1.25346	0
325	3.09953		1.2575	0
326	3.59929		1.25369	0
327	2.61128		1.26788	0
328	3.11068		1.25744	0
329	3.25276		1.25757	0
330	3.72035		1.25648	0
331	3.45315		1.25444	0
332	2.43769		1.27062	0
333	3.32431		1.2567	0
334	2.80282		1.26021	0
335	3.28071		1.257	0
336	2.80952		1.26193	0
337	2.35101		1.27157	0
338	3.35203		1.25518	0
339	2.50937		1.2659	0
340	3.54295		1.25432	0
341	3.56218		1.25401	0
342	2.92798		1.26159	0
343	2.84151		1.26346	0
344	2.71079		1.26248	0
345	2.76249		1.26116	0
346	2.63075		1.26385	0
347	3.46555		1.25448	0
348	3.47143		1.25456	0
349	3.31599		1.25757	0
350	3.15096		1.25876	0
351	3.63643		1.25366	0
352	3.21017		1.25641	0
353	2.87908		1.2602	0
354	3.49965		1.25447	0
355	3.72884		1.25343	0
356	3.39748		1.25475	0
357	4.10087		1.25223	0
358	3.02454		1.25863	0
359	3.60923		1.25371	0
360	3.10541		1.25783	0
361	3.62261		1.25391	0
362	3.39505		1.25528	0
363	2.75773		1.26129	0
364	3.05116		1.26104	0
365	3.20399		1.25716	0
366	3.38497		1.25489	0
367	3.38916		1.25492	0
368	3.00583		1.26106	0
369	2.8038		1.26188	0
370	2.61177		1.26502	0
371	2.63497		1.2633	0
372	3.07877		1.25724	0
373	2.59602		1.26403	0
374	2.95344		1.26086	0
375	2.95787		1.26059	0
376	3.84429		1.25283	0
377	2.69729		1.26291	0
378	3.58695		1.25424	0
379	2.96259		1.26077	0
380	4.03747		1.2524	0
381	2.89967		1.26018	0
382	3.68294		1.25427	0
383	2.42069		1.26913	0
384	3.46128		1.25502	0
385	3.1938		1.25898	0
386	3.59682		1.25464	0
387	2.97535		1.25913	0
388	2.88093		1.26088	0
389	3.26101		1.25734	0
390	3.10872		1.25914	0
391	3.31019		1.25568	0
392	3.15009		1.25704	0
393	3.39281		1.25476	0
394	3.31232		1.25558	0
395	3.27325		1.25546	0
396	3.16324		1.25687	0
397	3.28833		1.25559	0
398	2.89936		1.26038	0
399	3.1599		1.25733	0
400	3.32106		1.25534	0
401	2.52792		1.26687	0
402	2.80801		1.26066	0
403	3.17886		1.25667	0
404	3.58303		1.25427	0
405	4.05975		1.2525	0
406	2.46892		1.26668	0
407	4.21291		1.25212	0
408	3.5963		1.25391	0
409	3.26919		1.25712	0
410	2.38134		1.27086	0
411	3.98102		1.25263	0
412	3.33123		1.25523	0
413	3.71854		1.2538	0
414	3.88985		1.25299	0
415	3.1959		1.25645	0
416	2.67642		1.26375	0
417	2.47886		1.26672	0
418	2.98273		1.25902	0
419	3.13115		1.25924	0
420	3.33279		1.25765	0
421	2.60154		1.26488	0
422	2.78347		1.26723	0
423	2.99208		1.25873	0
424	2.68376		1.2662	0
425	2.71113		1.2623	0
426	3.40694		1.25518	0
427	3.65976		1.25348	0
428	2.66916		1.26375	0
429	3.38537		1.25564	0
430	2.69443		1.26493	0
431	2.48874		1.2674	0
432	3.64495		1.25399	0
433	3.57353		1.25588	0
434	2.48781		1.26578	0
435	3.70304		1.25365	0
436	3.06811		1.2576	0
437	2.77864		1.26139	0
438	2.8401		1.2642	0
439	2.27243		1.27381	0
440	3.29785		1.2572	0
441	2.56967		1.26443	0
442	3.0277		1.25807	0
443	3.18112		1.2579	0
444	3.48178		1.2542	0
445	3.38467		1.25497	0
446	2.81758		1.25983	0
447	3.27843		1.25697	0
448	3.35103		1.25644	0
449	3.61936		1.25422	0
450	2.34181		1.27133	0
451	2.32811		1.2725	0
452	3.50517		1.25511	0
453	2.3682		1.27091	0
454	2.49589		1.26737	0
455	3.49596		1.25445	0
456	3.01639		1.25829	0
457	3.65523		1.25348	0
458	3.11352		1.25886	0
459	2.61138		1.26722	0
460	3.56735		1.25718	0
461	3.21526		1.25645	0
462	2.5596		1.26602	0
463	2.91976		1.25919	0
464	3.88492		1.25281	0
465	3.13501		1.25674	0
466	3.91419		1.25282	0
467	3.28331		1.25557	0
468	3.22135		1.25622	0
469	3.31835		1.25729	0
470	3.61457		1.25419	0
471	3.24923		1.25807	0
472	2.72838		1.26336	0
473	3.45918		1.25623	0
474	2.84868		1.26004	0
475	3.18272		1.2563	0
476	4.08113		1.25244	0
477	3.46721		1.25609	0
478	3.77193		1.2531	0
479	3.44242		1.25583	0
480	3.98758		1.25261	0
481	3.31018		1.25594	0
482	3.24574		1.25601	0
483	3.67991		1.25402	0
484	2.50416		1.2698	0
485	3.80758		1.25337	0
486	3.70285		1.25406	0
487	3.31		1.25589	0
488	3.98267		1.25268	0
489	4.00943		1.2528	0
490	2.32741		1.27193	0
491	2.42161		1.26965	0
492	3.79253		1.25325	0
493	3.03254		1.25754	0
494	3.06583		1.25906	0
495	3.45402		1.25458	0
496	2.76393		1.26203	0
497	2.38147		1.27001	0
498	2.96251		1.25872	0
499	3.47114		1.25501	0
500	3.94667		1.25283	0
501	2.95563		1.26127	0
502	3.39764		1.25543	0
503	2.75688		1.26093	0
504	3.09174		1.25793	0
505	3.63432		1.25399	0
506	3.83148		1.25354	0
507	2.98805		1.25815	0
508	2.79399		1.2642	0
509	4.01006		1.25263	0
510	3.28829		1.25759	0
511	3.04706		1.25801	0
512	3.84028		1.25351	0
513	3.24018		1.26083	0
514	3.51569		1.257	0
515	3.3586		1.2551	0
516	3.56163		1.25419	0
517	3.42094		1.25442	0
518	3.62877		1.25395	0
519	3.11991		1.25678	0
520	2.92636		1.26071	0
521	3.50878		1.25756	0
522	2.99042		1.2593	0
523	2.72177		1.26204	0
524	2.53531		1.2665	0
525	2.90288		1.26006	0
526	3.3454		1.25559	0
527	3.31288		1.25625	0
528	3.31042		1.25524	0
529	2.75565		1.26068	0
530	2.91253		1.25986	0
531	2.49384		1.26623	0
532	3.3068		1.25601	0
533	2.40794		1.26961	0
534	3.53303		1.2547	0
535	3.05953		1.26141	0
536	3.30016		1.25611	0
537	2.40393		1.27007	0
538	2.8911		1.26292	0
539	3.05272		1.25861	0
540	3.01557		1.259	0
541	2.33882		1.27231	0
542	2.25772		1.2734	0
543	3.59074		1.25474	0
544	3.63935		1.25387	0
545	3.75295		1.25509	0
546	3.77048		1.25349	0
547	3.14809		1.25673	0
548	2.39679		1.26878	0
549	3.37339		1.25513	0
550	2.75338		1.2639	0
551	3.65365		1.25585	0
552	3.46379		1.25439	0
553	3.62381		1.25365	0
554	3.14097		1.25907	0
555	2.51482		1.26638	0
556	3.64369		1.25377	0
557	2.73026		1.26174	0
558	3.69363		1.25359	0
559	2.82127		1.26241	0
560	3.28197		1.25615	0
561	3.45166		1.2553	0
562	3.57605		1.25399	0
563	3.30386		1.25553	0
564	2.45962		1.27121	0
565	3.98276		1.25313	0
566	3.0115		1.25829	0
567	3.74836		1.25347	0
568	3.78915		1.25304	0
569	2.95984		1.25904	0
570	2.56097		1.26625	0
571	3.32235		1.25733	0
572	2.3445		1.27081	0
573	3.51118		1.25408	0
574	3.03573		1.25794	0
575	2.38694		1.27224	0
576	2.74311		1.26209	0
577	3.24741		1.25595	0
578	2.91676		1.26249	0
579	3.8839		1.25319	0
580	3.00578		1.26051	0
581	3.86294		1.25293	0
582	2.9899		1.26247	0
583	3.61853		1.25394	0
584	2.875		1.25973	0
585	3.36043		1.25652	0
586	3.7308		1.25342	0
587	3.66576		1.25393	0
588	2.98987		1.2583	0
589	3.53128		1.25444	0
590	3.51411		1.25448	0
591	2.18512		1.27662	0
592	2.57745		1.27204	0
593	3.04245		1.25744	0
594	3.23812		1.25607	0
595	2.81056		1.26132	0
596	2.2598		1.27491	0
597	3.35386		1.25696	0
598	2.72685		1.26214	0
599	3.42042		1.25494	0
600	2.79594		1.26266	0
601	3.35164		1.25676	0
602	3.31592		1.25599	0
603	3.39009		1.25486	0
604	3.47618		1.25445	0
605	3.35185		1.25689	0
606	2.88477		1.26038	0
607	3.72676		1.25327	0
608	3.6664		1.25344	0
609	2.61512		1.26423	0
610	3.24844		1.25675	0
611	2.39309		1.26927	0
612	3.27548		1.2555	0
613	2.57822		1.26593	0
614	3.39052		1.25832	0
615	3.45101		1.25482	0
616	3.51883		1.25482	0
617	3.43888		1.25489	0
618	3.88391		1.2531	0
619	3.37257		1.25907	0
620	2.35702		1.27154	0
621	2.68074		1.26276	0
622	2.92305		1.25922	0
623	2.35369		1.27011	0
624	3.56828		1.2542	0
625	2.57577		1.26868	0
626	2.9453		1.25929	0
627	2.44614		1.26822	0
628	2.83058		1.2666	0
629	2.68106		1.26294	0
630	3.30238		1.25575	0
631	2.33474		1.27085	0
632	2.55774		1.26554	0
633	2.69749		1.26237	0
634	3.07203		1.2582	0
635	3.74472		1.25332	0
636	2.27404		1.27339	0
637	2.3357		1.27066	0
638	3.02719		1.25743	0
639	3.14054		1.25848	0
640	3.29184		1.25587	0
641	3.23804		1.25605	0
642	3.50059		1.2544	0
643	4.09724		1.25229	0
644	3.18553		1.25743	0
645	4.04612		1.25252	0
646	3.53468		1.25482	0
647	3.49505		1.25426	0
648	3.89106		1.25276	0
649	3.19786		1.25625	0
650	3.02029		1.25733	0
651	3.36928		1.25533	0
652	2.85114		1.2669	0
653	3.73262		1.25378	0
654	3.13841		1.25701	0
655	3.79274		1.25318	0
656	3.42572		1.25451	0
657	2.93305		1.2608	0
658	2.80811		1.26223	0
659	3.69386		1.2534	0
660	3.19112		1.25716	0
661	3.4251		1.25477	0
662	2.69561		1.26206	0
663	3.21285		1.25584	0
664	2.85455		1.25952	0
665	3.28362		1.25671	0
666	3.81268		1.25336	0
667	3.6129		1.25384	0
668	3.51802		1.25407	0
669	3.22514		1.25615	0
670	3.55135		1.25425	0
671	3.90229		1.25283	0
672	3.85728		1.25304	0
673	3.51996		1.2554	0
674	3.31629		1.25587	0
675	2.96519		1.26218	0
676	2.4149		1.26828	0
677	3.34905		1.25533	0
678	2.26937		1.2734	0
679	2.99038		1.25965	0
680	3.25221		1.25679	0
681	3.05184		1.26081	0
682	3.57713		1.25385	0
683	2.28305		1.2725	0
684	3.3054		1.25669	0
685	3.05034		1.2584	0
686	2.25813		1.27337	0
687	2.36699		1.26954	0
688	3.91112		1.2527	0
689	3.30551		1.25547	0
690	3.22749		1.2573	0
691	3.53077		1.2546	0
692	2.34353		1.26986	0
693	3.3915		1.25546	0
694	2.49739		1.26584	0
695	3.83972		1.25316	0
696	2.68618		1.26366	0
697	3.6197		1.25412	0
698	3.57198		1.25447	0
699	3.3553		1.2554	0
700	3.5696		1.25588	0
701	3.39259		1.25502	0
702	3.41416		1.25624	0
703	2.71351		1.26726	0
704	3.62643		1.25351	0
705	2.40374		1.26853	0
706	3.20152		1.25861	0
707	4.00541		1.25254	0
708	3.73369		1.25404	0
709	3.25317		1.25616	0
710	3.06966		1.25769	0
711	3.68891		1.25344	0
712	2.96185		1.25945	0
713	3.29832		1.25803	0
714	2.30255		1.27179	0
715	2.6392		1.26302	0
716	2.51877		1.26637	0
717	3.0833		1.26035	0
718	3.50474		1.25609	0
719	3.37544		1.25576	0
720	2.55538		1.26649	0
721	3.59093		1.25503	0
722	3.09997		1.2589	0
723	2.89211		1.26122	0
724	2.44351		1.26741	0
725	2.8284		1.26076	0
726	3.18782		1.25778	0
727	3.36917		1.25549	0
728	3.52672		1.25435	0
729	2.81346		1.26212	0
730	2.6995		1.26297	0
731	3.12452		1.25899	0
732	2.92862		1.25918	0
733	3.81561		1.25301	0
734	3.79351		1.25403	0
735	3.20947		1.2565	0
736	2.37426		1.26922	0
737	2.68262		1.26404	0
738	3.297		1.2567	0
739	2.64462		1.26375	0
740	2.41873		1.26813	0
741	3.33147		1.25607	0
742	3.54547		1.25412	0
743	2.75344		1.26405	0
744	3.33551		1.2562	0
745	3.33601		1.25498	0
746	3.07151		1.25762	0
747	4.00611		1.25268	0
748	3.74772		1.25337	0
749	2.81162		1.26183	0
750	3.41912		1.25478	0
751	3.0128		1.25931	0
752	3.07172		1.25834	0
753	2.52326		1.26616	0
754	3.26457		1.25627	0
755	3.06025		1.25879	0
756	2.58817		1.26446	0
757	3.22269		1.2576	0
758	2.9044		1.2634	0
759	3.13445		1.25771	0
760	3.29578		1.25524	0
761	3.63085		1.25375	0
762	3.14572		1.25675	0
763	2.92276		1.26291	0
764	2.46018		1.26731	0
765	2.72736		1.26229	0
766	2.81921		1.26191	0
767	2.46078		1.26698	0
768	2.41931		1.26944	0
769	2.98022		1.25883	0
770	3.89988		1.25278	0
771	2.75164		1.2629	0
772	2.68084		1.26239	0
773	3.00871		1.2583	0
774	2.18368		1.27615	0
775	2.67897		1.26276	0
776	2.45869		1.26748	0
777	2.75685		1.2629	0
778	3.28748		1.25697	0
779	2.81895		1.2614	0
780	2.81861		1.26074	0
781	2.44179		1.26924	0
782	2.81811		1.26363	0
783	2.77318		1.26077	0
784	2.60109		1.26558	0
785	2.97511		1.25846	0
786	3.12825		1.25876	0
787	3.17823		1.25672	0
788	4.03031		1.2526	0
789	3.09185		1.25699	0
790	3.12569		1.25762	0
791	2.53966		1.26506	0
792	3.47493		1.25579	0
793	2.9605		1.25973	0
794	2.93254		1.26009	0
795	2.36489		1.27063	0
796	3.53524		1.25435	0
797	3.53619		1.25673	0
798	2.8041		1.26653	0
799	3.0746		1.25817	0
800	3.3043		1.25545	0
801	2.6218		1.26459	0
802	3.16719		1.25797	0
803	3.04342		1.25813	0
804	3.08184		1.25755	0
805	2.27429		1.27328	0
806	2.30064		1.27159	0
807	2.31682		1.27244	0
808	2.1963		1.27546	0
809	3.18269		1.25646	0
810	2.8921		1.26587	0
811	3.46182		1.25546	0
812	2.7769		1.26137	0
813	2.36831		1.27065	0
814	3.58258		1.25437	0
815	3.75573		1.25319	0
816	2.8201		1.26309	0
817	3.1663		1.25666	0
818	3.6203		1.25382	0
819	3.94686		1.25261	0
820	3.15743		1.25831	0
821	3.41353		1.25573	0
822	3.70753		1.25321	0
823	2.96252		1.25878	0
824	3.75022		1.25366	0
825	2.60349		1.26669	0
826	2.30997		1.27123	0
827	3.22588		1.25705	0
828	3.32767		1.25823	0
829	3.03813		1.25767	0
830	2.67533		1.26545	0
831	3.08631		1.25827	0
832	2.79329		1.26075	0
833	2.27637		1.2738	0
834	3.67372		1.25384	0
835	3.61166		1.25369	0
836	3.7839		1.25339	0
837	2.4135		1.26836	0
838	3.6979		1.25347	0
839	2.45658		1.26774	0
840	3.75579		1.25363	0
841	2.29788		1.27377	0
842	3.72247		1.25365	0
843	2.99105		1.26022	0
844	3.05008		1.25808	0
845	2.32943		1.27171	0
846	2.26059		1.27277	0
847	2.65743		1.26356	0
848	3.12534		1.25731	0
849	3.60634		1.25427	0
850	3.73852		1.25351	0
851	3.41044		1.256	0
852	3.34596		1.25543	0
853	3.1352		1.25851	0
854	3.65621		1.2538	0
855	3.35577		1.25743	0
856	2.97147		1.2594	0
857	4.19524		1.25207	0
858	3.35422		1.25571	0
859	3.67372		1.25385	0
860	2.90165		1.25931	0
861	2.32102		1.27083	0
862	2.96764		1.25989	0
863	3.61722		1.25473	0
864	3.23494		1.25681	0
865	2.67011		1.26268	0
866	2.41696		1.26756	0
867	3.12112		1.25824	0
868	2.24949		1.27485	0
869	3.17967		1.25765	0
870	3.46277		1.25632	0
871	3.20632		1.25663	0
872	3.48878		1.25435	0
873	3.66684		1.25343	0
874	2.75464		1.26377	0
875	2.78544		1.2652	0
876	2.39847		1.26939	0
877	2.40709		1.27092	0
878	2.78751		1.26424	0
879	2.35391		1.27019	0
880	2.26135		1.27373	0
881	3.29326		1.25543	0
882	2.95658		1.26031	0
883	2.24479		1.27356	0
884	2.61677		1.26675	0
885	3.40048		1.25701	0
886	3.55288		1.25596	0
887	3.35324		1.25678	0
888	2.88973		1.26094	0
889	3.25778		1.25625	0
890	3.04847		1.2576	0
891	2.61353		1.2641	0
892	2.20461		1.27472	0
893	3.61019		1.25458	0
894	3.22281		1.25672	0
895	2.39769		1.26898	0
896	2.52361		1.26516	0
897	3.3781		1.25537	0
898	2.41305		1.26879	0
899	3.88879		1.25363	0
900	2.43396		1.26944	0
901	3.29566		1.25735	0
902	2.85447		1.26087	0
903	3.38966		1.25587	0
904	2.23859		1.27549	0
905	3.0582		1.26025	0
906	2.6002		1.26421	0
907	3.28412		1.25558	0
908	3.52869		1.25461	0
909	2.98992		1.25972	0
910	3.10586		1.25745	0
911	2.31063		1.2724	0
912	2.87103		1.26056	0
913	2.99506		1.26076	0
914	2.4491		1.26889	0
915	3.19044		1.25615	0
916	2.53045		1.26532	0
917	2.23757		1.27313	0
918	3.03846		1.26142	0
919	2.60913		1.26491	0
920	3.53652		1.25507	0
921	2.21262		1.27466	0
922	2.33345		1.27172	0
923	2.33301		1.27183	0
924	2.74897		1.26679	0
925	3.1917		1.25808	0
926	2.72712		1.26607	0
927	2.54535		1.26663	0
928	2.52943		1.26572	0
929	2.2675		1.27381	0
930	2.5343		1.26515	0
931	3.6612		1.25396	0
932	2.50634		1.26643	0
933	3.61459		1.25462	0
934	2.49464		1.2662	0
935	2.55128		1.26538	0
936	2.27409		1.272	0
937	2.33841		1.27109	0
938	3.59918		1.25426	0
939	4.07659		1.2524	0
940	2.96605		1.26044	0
941	2.45754		1.26923	0
942	2.40196		1.26862	0
943	2.91157		1.25905	0
944	2.2892		1.27185	0
945	2.88474		1.2599	0
946	3.00807		1.2587	0
947	2.44015		1.26864	0
948	2.78412		1.26425	0
949	2.37183		1.27033	0
950	2.42931		1.26918	0
951	3.27142		1.2564	0
952	2.54735		1.26792	0
953	2.22857		1.27502	0
954	2.45514		1.26968	0
955	2.28911		1.27176	0
956	2.69321		1.26201	0
957	3.28652		1.2563	0
958	3.13434		1.25989	0
959	2.84762		1.26104	0
960	3.13531		1.2622	0
961	2.67488		1.26277	0
962	2.77326		1.26072	0
963	3.59732		1.25375	0
964	2.46878		1.26968	0
965	2.56061		1.26685	0
966	2.73301		1.26355	0
967	2.62127		1.26479	0
968	3.17546		1.2573	0
969	2.37349		1.27014	0
970	2.52918		1.26572	0
971	2.37342		1.26967	0
972	2.74209		1.26282	0
973	2.77882		1.26507	0
974	2.56034		1.26514	0
975	2.60546		1.26406	0
976	2.24464		1.27555	0
977	2.27807		1.27213	0
978	2.48302		1.26769	0
979	2.50139		1.26584	0
980	2.29739		1.27293	0
981	2.26764		1.27319	0
982	2.48807		1.26853	0
983	2.4813		1.26853	0
984	2.59146		1.26481	0
985	2.62847		1.26704	0
986	2.66257		1.26466	0
987	2.58156		1.26794	0
988	2.4112		1.26875	0
989	2.32953		1.27117	0
990	2.52319		1.26557	0
991	2.28411		1.27318	0
992	2.22021		1.2753	0
993	2.30222		1.27168	0
994	2.25948		1.27349	0
995	2.52651		1.26694	0
996	2.8848		1.26205	0
997	2.5983		1.26769	0
998	2.32011		1.27178	0
999	2.25687		1.27299	0
